"Address","Content Type","Status Code","Status","Crawl Depth","Inlinks"
"https://medialibrarycfo.entrata.com/15027/MLv3/9/36/2023/11/14/112134/6553baada63fa2.93285400703.png","image/webp","200","","1","0"
"https://commoncdn.entrata.com/website_templates/esprit_2/images/pan.png","image/png","200","","1","0"
"https://medialibrarycfo.entrata.com/15027/MLv3/3/27/2023/08/02/024728/64cac0dec83ec8.22305046523.jpg","image/webp","200","","1","4"
"https://medialibrarycfo.entrata.com/15027/MLv3/10/41/2023/11/15/021828/655535a4834974.63142118563.png","image/webp","200","","1","1"
"https://medialibrarycfo.entrata.com/15027/MLv3/3/27/2023/08/02/024732/64cac0e2bd6680.46902302541.jpg","image/webp","200","","1","4"
"https://medialibrarycfo.entrata.com/15027/MLv3/3/27/2023/07/28/021301/64c4214d88c7d9.35718125654.jpg","image/webp","200","","1","4"
"https://medialibrarycfo.entrata.com/15027/MLv3/9/36/2023/11/15/021448/655534c7f2eb51.07609285230.png","image/webp","200","","1","0"
"https://medialibrarycfo.entrata.com/15027/MLv3/10/41/2023/11/15/021730/6555356a54bc76.53040919754.png","image/webp","200","","1","1"
"https://medialibrarycfo.entrata.com/15027/MLv3/3/27/2023/08/02/024725/64cac0dc2e9b95.41597925448.jpg","image/webp","200","","1","4"
"https://medialibrarycfo.entrata.com/15027/MLv3/9/36/2023/11/15/021607/6555351755f068.16602289970.png","image/webp","200","","1","0"
"https://commoncdn.entrata.com/website_templates/esprit_2/images/neighborhood_6.jpg","image/jpeg","200","","1","0"
"https://medialibrarycfo.entrata.com/15027/MLv3/9/36/2023/08/04/030925/64cd6905e1d554.95703769836.png","image/webp","200","","1","0"
"https://medialibrarycfo.entrata.com/15027/MLv3/9/36/2023/11/14/110027/6553b5bb07cad0.65777195130.jpg","image/webp","200","","1","0"
"https://commoncdn.entrata.com/images/loader_grey.gif","image/gif","200","","1","0"
"https://medialibrarycfo.entrata.com/15027/MLv3/9/36/2023/11/14/111716/6553b9ac6d6671.15073492802.png","image/webp","200","","1","0"
"https://medialibrarycfo.entrata.com/15027/MLv3/9/36/2023/08/03/075350/64cc5a2e105ae2.70928254930.png","image/webp","200","","1","0"
"https://medialibrarycfo.entrata.com/15027/MLv3/9/36/2023/11/15/021337/65553481a272e7.98832033700.png","image/webp","200","","1","0"
"https://medialibrarycfo.entrata.com/15027/MLv3/9/36/2023/11/14/112251/6553bafb2ecc32.54760918871.png","image/webp","200","","1","0"
"https://medialibrarycfo.entrata.com/15027/MLv3/3/27/2023/08/02/024722/64cac0d8acf133.28401638301.jpg","image/webp","200","","1","4"
"https://medialibrarycfo.entrata.com/15027/MLv3/9/36/2023/11/14/112023/6553ba67385378.45048074166.png","image/webp","200","","1","0"
"https://maps.gstatic.com/mapfiles/openhand_8_8.cur","image/bmp","200","","2","0"
"https://maps.gstatic.com/mapfiles/api-3/images/powered-by-google-on-white3.png","image/png","200","","2","0"
"https://maps.gstatic.com/mapfiles/api-3/images/autocomplete-icons.png","image/png","200","","2","0"
"https://maps.gstatic.com/mapfiles/transparent.png","image/png","200","","2","0"
"https://www.google.com/recaptcha/api2/payload?p=06AFcWeA4sXVDj9KNtZn75RzfIfkie1yP1VVVurOVUx18Y0UPuq4oJ_YAZIPH_IDfE3NTzFmlrBhvu8EpjfYImVf27qS5PyLJTnbMlwyTe0LGz_YvIS-BeOlfZCfNIkaRA2rQ6V00N_enmJXQ_ZXkCEO4LjaTYFKpNOcx0h0IcBYQh9BLXJjTEn9hggmjf_bLhEutTSR9gBMmN&k=6Lc9tWAUAAAAANUyiHL3dKJ8tLtXewMeLDYF7Zqu","image/jpeg","200","","2","0"
"https://medialibrarycf.entrata.com/15027/MLv3/9/36/2023/08/03/075350/64cc5a2e105ae2.70928254930.png","image/png","200","","2","0"
"https://medialibrarycf.entrata.com/15027/MLv3/9/36/2023/08/04/030925/64cd6905e1d554.95703769836.png","image/png","200","","2","0"
"https://www.google.com/recaptcha/api2/payload?p=06AFcWeA5Z466_94LVgfs9p2FagFtzYwU-WnLewr972Sb0OQvnfV7ovC1Muu72NAlpsE89LO7PMmgBQVy75ZVF0LbVWVs-Q_LeTkG3QfAVzns8tDYywScZ_RHzU2vN-I1T4luHlCIUHp5hor0NtHt4beB-Dln_7ydqARE758g8KY2evgtBoP_wHdc_6eDsPl9Nf2ThASKVmdX5&k=6Lc9tWAUAAAAANUyiHL3dKJ8tLtXewMeLDYF7Zqu","image/jpeg","200","","2","0"
"https://www.google.com/recaptcha/api2/payload?p=06AFcWeA4wV2XZ9_BaAfYWYfbDCdatrLzv-sNQpJraMO6wfQApta9ek-sQVX8DjArR9Qm-Ww6fkxJSQPxUBs64CpBIVdKnNIR2ZjBA576QB83gEjShyY3_yNSbDIZWVwcZY_oOapa9ZFfeVcQQOPaVdFyTTSDF4eRF_YZ7SWdiOd0RoqZix1hsYUNStPYoCMl2R_L084sParfk&k=6Lc9tWAUAAAAANUyiHL3dKJ8tLtXewMeLDYF7Zqu","image/jpeg","200","","2","0"
"https://www.google.com/recaptcha/api2/payload?p=06AFcWeA5FB9P-qQ9QfMA7p_Wl04uB0nwnFzylRgPnbEc87MJrBaEdGQa7LCV9uzteQI0fEP7iEgwGZ7XWV_XD6H2LUGXjdEMSS_jpgR7IW_owIE9Qy6Vf32HUKqEdOmPkTLWFgIpJW5-Xgq7jlzlqzwKUdep5eIreB-CPvNSIxRiVc5lAzh46uPfZtsQ7bYFvQrxUbIHJd_phS-HYqBLGe1HiZo9El3Dz7g&k=6Lc9tWAUAAAAANUyiHL3dKJ8tLtXewMeLDYF7Zqu","image/jpeg","200","","2","0"
"https://medialibrarycfo.entrata.com/fit-in/450x450/15027/MLv3/3/27/2023/11/14/112455/6553bb77e6f073.43082525861.png","image/webp","200","","2","0"
"https://medialibrarycfo.entrata.com/fit-in/450x450/15027/MLv3/3/27/2023/11/14/112746/6553bc212946a5.46974003735.png","image/webp","200","","2","0"
"https://medialibrarycfo.entrata.com/fit-in/450x450/15027/MLv3/3/27/2023/11/14/112638/6553bbdc809b37.70665434601.png","image/webp","200","","2","0"
"https://medialibrarycfo.entrata.com/fit-in/450x450/15027/MLv3/3/27/2023/11/14/112750/6553bc2517bcc7.49218082498.png","image/webp","200","","2","0"
"https://medialibrarycfo.entrata.com/fit-in/450x450/15027/MLv3/3/27/2023/07/28/021301/64c4214d88c7d9.35718125654.jpg","image/webp","200","","2","0"
"https://medialibrarycfo.entrata.com/fit-in/450x450/15027/MLv3/3/27/2023/11/14/112941/6553bc93bc13d8.56369578543.png","image/webp","200","","2","0"
"https://medialibrarycfo.entrata.com/fit-in/450x450/15027/MLv3/3/27/2023/08/02/024728/64cac0dec83ec8.22305046523.jpg","image/webp","200","","2","0"
"https://medialibrarycfo.entrata.com/fit-in/450x450/15027/MLv3/3/27/2023/11/14/112642/6553bbe0aac0a5.39547531882.png","image/webp","200","","2","0"
"https://medialibrarycfo.entrata.com/fit-in/450x450/15027/MLv3/3/27/2023/11/14/112800/6553bc2eb4f3f4.08450083669.png","image/webp","200","","2","0"
"https://medialibrarycfo.entrata.com/fit-in/450x450/15027/MLv3/3/27/2023/11/14/112943/6553bc959bae98.24399907272.png","image/webp","200","","2","0"
"https://medialibrarycfo.entrata.com/fit-in/450x450/15027/MLv3/3/27/2023/11/14/112748/6553bc230d0564.56357957509.png","image/webp","200","","2","0"
"https://medialibrarycfo.entrata.com/fit-in/450x450/15027/MLv3/3/27/2023/11/14/112644/6553bbe2aad278.14605371157.png","image/webp","200","","2","0"
"https://medialibrarycfo.entrata.com/fit-in/450x450/15027/MLv3/3/27/2023/11/14/112434/6553bb6161ed40.27398615216.png","image/webp","200","","2","0"
"https://medialibrarycfo.entrata.com/fit-in/450x450/15027/MLv3/3/27/2023/11/14/112804/6553bc32c229a6.24910810787.png","image/webp","200","","2","0"
"https://medialibrarycfo.entrata.com/fit-in/450x450/15027/MLv3/3/27/2023/08/02/024722/64cac0d8acf133.28401638301.jpg","image/webp","200","","2","0"
"https://medialibrarycfo.entrata.com/fit-in/450x450/15027/MLv3/3/27/2023/11/14/112939/6553bc91be6a60.57846662778.png","image/webp","200","","2","0"
"https://medialibrarycfo.entrata.com/fit-in/450x450/15027/MLv3/3/27/2023/11/14/112933/6553bc8ba815a8.39094516210.png","image/webp","200","","2","0"
"https://medialibrarycfo.entrata.com/fit-in/450x450/15027/MLv3/3/27/2023/11/14/112937/6553bc8fa4dee9.47829879654.png","image/webp","200","","2","0"
"https://medialibrarycfo.entrata.com/fit-in/450x450/15027/MLv3/3/27/2023/11/14/112640/6553bbdeb143a2.62269536367.png","image/webp","200","","2","0"
"https://medialibrarycfo.entrata.com/fit-in/450x450/15027/MLv3/3/27/2023/11/14/112754/6553bc28d2fea9.76298567631.png","image/webp","200","","2","0"
"https://medialibrarycfo.entrata.com/fit-in/450x450/15027/MLv3/3/27/2023/08/02/024725/64cac0dc2e9b95.41597925448.jpg","image/webp","200","","2","0"
"https://medialibrarycfo.entrata.com/fit-in/450x450/15027/MLv3/3/27/2023/11/14/112929/6553bc8795ac38.49579276387.png","image/webp","200","","2","0"
"https://medialibrarycfo.entrata.com/fit-in/450x450/15027/MLv3/3/27/2023/11/14/112756/6553bc2a9c1b85.59921299381.png","image/webp","200","","2","0"
"https://medialibrarycfo.entrata.com/fit-in/450x450/15027/MLv3/3/27/2023/11/14/112802/6553bc30e51238.66065918645.png","image/webp","200","","2","0"
"https://medialibrarycfo.entrata.com/fit-in/450x450/15027/MLv3/3/27/2023/11/14/112758/6553bc2cb53291.30662994614.png","image/webp","200","","2","0"
"https://medialibrarycfo.entrata.com/fit-in/450x450/15027/MLv3/3/27/2023/11/14/112931/6553bc899da931.57432235809.png","image/webp","200","","2","0"
"https://medialibrarycfo.entrata.com/fit-in/450x450/15027/MLv3/3/27/2023/11/14/112935/6553bc8daa6ee6.79589902320.png","image/webp","200","","2","0"
"https://medialibrarycfo.entrata.com/fit-in/450x450/15027/MLv3/3/27/2023/11/14/112520/6553bb90ba7f15.93970243576.png","image/webp","200","","2","0"
"https://medialibrarycfo.entrata.com/fit-in/450x450/15027/MLv3/3/27/2023/08/02/024732/64cac0e2bd6680.46902302541.jpg","image/webp","200","","2","0"
"https://medialibrarycfo.entrata.com/fit-in/450x450/15027/MLv3/3/27/2023/11/14/112646/6553bbe4905393.43930836238.png","image/webp","200","","2","0"
"https://medialibrarycfo.entrata.com/fit-in/450x450/15027/MLv3/3/27/2023/11/14/112432/6553bb5f4bf0d5.72850007107.png","image/webp","200","","2","0"
"https://medialibrarycfo.entrata.com/fit-in/450x450/15027/MLv3/3/27/2023/11/14/112752/6553bc271b5948.69440463272.png","image/webp","200","","2","0"
"https://medialibrarycfo.entrata.com/15027/MLv3/3/27/2023/11/14/112455/6553bb77e6f073.43082525861.png","image/png","200","OK","2","4"
"https://medialibrarycfo.entrata.com/15027/MLv3/3/27/2023/11/14/112748/6553bc230d0564.56357957509.png","image/png","200","OK","2","4"
"https://medialibrarycfo.entrata.com/15027/MLv3/3/27/2023/11/14/112943/6553bc959bae98.24399907272.png","image/png","200","OK","2","4"
"https://medialibrarycfo.entrata.com/15027/MLv3/3/27/2023/11/14/112750/6553bc2517bcc7.49218082498.png","image/png","200","OK","2","4"
"https://medialibrarycfo.entrata.com/15027/MLv3/3/27/2023/11/14/112434/6553bb6161ed40.27398615216.png","image/png","200","OK","2","4"
"https://medialibrarycfo.entrata.com/15027/MLv3/3/27/2023/11/14/112800/6553bc2eb4f3f4.08450083669.png","image/png","200","OK","2","4"
"https://medialibrarycfo.entrata.com/15027/MLv3/3/27/2023/11/14/112935/6553bc8daa6ee6.79589902320.png","image/png","200","OK","2","4"
"https://medialibrarycfo.entrata.com/15027/MLv3/3/27/2023/11/14/112941/6553bc93bc13d8.56369578543.png","image/png","200","OK","2","4"
"https://medialibrarycfo.entrata.com/15027/MLv3/3/27/2023/11/14/112638/6553bbdc809b37.70665434601.png","image/png","200","OK","2","4"
"https://medialibrarycfo.entrata.com/15027/MLv3/3/27/2023/11/14/112746/6553bc212946a5.46974003735.png","image/png","200","OK","2","4"
"https://medialibrarycfo.entrata.com/15027/MLv3/3/27/2023/11/14/112931/6553bc899da931.57432235809.png","image/png","200","OK","2","4"
"https://medialibrarycfo.entrata.com/15027/MLv3/3/27/2023/11/14/112642/6553bbe0aac0a5.39547531882.png","image/png","200","OK","2","4"
"https://www.google.com/recaptcha/api2/payload?p=06AFcWeA5d0Qziu8WalAws2UhHvmVblBeXMPQYHzjr90P7W1h62yEM-OiHqZFg3ovvVJXVkzyyHF0pu1-e99dm3u4VwbafKIRqICd5GfH9QMrc-QrZ6yvn6qmom5CTNResUBGMMjgeYeTDYc20zTN46MGoG2zJVlE96dudn9bw0FeFjhdmiof7YX46BUNOhL9tPrm8cVIydXYc&k=6Lc9tWAUAAAAANUyiHL3dKJ8tLtXewMeLDYF7Zqu","image/jpeg","200","","2","0"
"https://medialibrarycfo.entrata.com/fit-in/560x560/15027/MLv3/3/21/2023/08/03/024109/64cc10e5dc3704.95511623786.jpg","image/webp","200","","2","0"
"https://medialibrarycfo.entrata.com/15027/MLv3/3/27/2023/11/14/112432/6553bb5f4bf0d5.72850007107.png","image/png","200","OK","2","4"
"https://medialibrarycfo.entrata.com/15027/MLv3/3/27/2023/11/14/112754/6553bc28d2fea9.76298567631.png","image/png","200","OK","2","4"
"https://medialibrarycfo.entrata.com/15027/MLv3/3/27/2023/11/14/112758/6553bc2cb53291.30662994614.png","image/png","200","OK","2","4"
"https://medialibrarycfo.entrata.com/15027/MLv3/3/27/2023/11/14/112646/6553bbe4905393.43930836238.png","image/png","200","OK","2","4"
"https://medialibrarycfo.entrata.com/15027/MLv3/3/27/2023/11/14/112939/6553bc91be6a60.57846662778.png","image/png","200","OK","2","4"
"https://medialibrarycfo.entrata.com/15027/MLv3/3/27/2023/11/14/112933/6553bc8ba815a8.39094516210.png","image/png","200","OK","2","4"
"https://medialibrarycfo.entrata.com/15027/MLv3/3/27/2023/11/14/112756/6553bc2a9c1b85.59921299381.png","image/png","200","OK","2","4"
"https://medialibrarycfo.entrata.com/15027/MLv3/3/27/2023/11/14/112929/6553bc8795ac38.49579276387.png","image/png","200","OK","2","4"
"https://medialibrarycfo.entrata.com/15027/MLv3/3/27/2023/11/14/112937/6553bc8fa4dee9.47829879654.png","image/png","200","OK","2","4"
"https://medialibrarycfo.entrata.com/15027/MLv3/3/27/2023/11/14/112520/6553bb90ba7f15.93970243576.png","image/png","200","OK","2","4"
"https://medialibrarycfo.entrata.com/fit-in/300x134/15027/MLv3/4/23/2023/11/21/025005/655d260d322519.34638730988.png","image/webp","200","","2","0"
"https://medialibrarycfo.entrata.com/fit-in/300x157/15027/MLv3/4/23/2023/11/21/024815/655d259f4eab71.21139706245.png","image/webp","200","","2","0"
"https://medialibrarycfo.entrata.com/fit-in/300x218/15027/MLv3/4/23/2023/11/21/024403/655d24a38e7e61.37186733849.png","image/webp","200","","2","0"
"https://medialibrarycfo.entrata.com/fit-in/300x130/15027/MLv3/4/23/2023/11/21/024741/655d257d02d764.52777421139.png","image/webp","200","","2","0"
"https://medialibrarycfo.entrata.com/fit-in/300x231/15027/MLv3/4/23/2023/11/21/024535/655d24ff6ca931.68861284959.png","image/webp","200","","2","0"
"https://medialibrarycfo.entrata.com/fit-in/300x135/15027/MLv3/4/23/2023/11/21/024850/655d25c20c9db6.09824874956.png","image/webp","200","","2","0"
"https://medialibrarycfo.entrata.com/fit-in/300x103/15027/MLv3/4/23/2023/11/21/030345/655d2941470570.18997609684.png","image/webp","200","","2","0"
"https://medialibrarycfo.entrata.com/fit-in/300x249/15027/MLv3/4/23/2023/11/21/024225/655d2441709469.66919951608.png","image/webp","200","","2","0"
"https://medialibrarycfo.entrata.com/fit-in/300x216/15027/MLv3/4/23/2023/11/21/024051/655d23e3d5d681.65017300401.png","image/webp","200","","2","0"
"https://medialibrarycfo.entrata.com/fit-in/300x113/15027/MLv3/4/23/2023/11/21/030224/655d28f0063463.69265383255.png","image/webp","200","","2","0"
"https://medialibrarycfo.entrata.com/fit-in/300x103/15027/MLv3/4/23/2023/11/21/030304/655d2918970df5.94473155478.png","image/webp","200","","2","0"
"https://medialibrarycfo.entrata.com/15027/MLv3/3/27/2023/11/14/112640/6553bbdeb143a2.62269536367.png","image/png","200","OK","2","4"
"https://medialibrarycfo.entrata.com/15027/MLv3/3/27/2023/11/14/112752/6553bc271b5948.69440463272.png","image/png","200","OK","2","4"
"https://medialibrarycfo.entrata.com/15027/MLv3/3/27/2023/11/14/112802/6553bc30e51238.66065918645.png","image/png","200","OK","2","4"
"https://medialibrarycfo.entrata.com/15027/MLv3/3/27/2023/11/14/112644/6553bbe2aad278.14605371157.png","image/png","200","OK","2","4"
"https://medialibrarycfo.entrata.com/15027/MLv3/3/27/2023/11/14/112804/6553bc32c229a6.24910810787.png","image/png","200","OK","2","4"
"https://medialibrarycfo.entrata.com/15027/MLv3/4/23/2023/11/21/030304/655d2918970df5.94473155478.png","image/png","200","OK","2","0"
"https://medialibrarycfo.entrata.com/15027/MLv3/4/23/2023/11/21/025005/655d260d322519.34638730988.png","image/png","200","OK","2","0"
"https://medialibrarycfo.entrata.com/15027/MLv3/4/23/2023/11/21/024403/655d24a38e7e61.37186733849.png","image/png","200","OK","2","0"
"https://medialibrarycfo.entrata.com/15027/MLv3/4/23/2023/11/21/030224/655d28f0063463.69265383255.png","image/png","200","OK","2","0"
"https://medialibrarycfo.entrata.com/15027/MLv3/4/23/2023/11/21/024051/655d23e3d5d681.65017300401.png","image/png","200","OK","2","0"
"https://medialibrarycfo.entrata.com/15027/MLv3/4/23/2023/11/21/024850/655d25c20c9db6.09824874956.png","image/png","200","OK","2","0"
"https://medialibrarycfo.entrata.com/15027/MLv3/4/23/2023/11/21/030345/655d2941470570.18997609684.png","image/png","200","OK","2","0"
"https://medialibrarycfo.entrata.com/fit-in/500x500/15027/MLv3/4/23/2023/11/21/024535/655d24ff6ca931.68861284959.png","image/webp","200","","3","0"
"https://medialibrarycfo.entrata.com/fit-in/500x500/15027/MLv3/4/23/2023/11/21/024051/655d23e3d5d681.65017300401.png","image/webp","200","","3","0"
"https://medialibrarycfo.entrata.com/fit-in/500x500/15027/MLv3/4/23/2023/11/21/024225/655d2441709469.66919951608.png","image/webp","200","","3","0"
"https://medialibrarycfo.entrata.com/fit-in/500x500/15027/MLv3/4/23/2023/11/21/024741/655d257d02d764.52777421139.png","image/webp","200","","3","0"
"https://medialibrarycfo.entrata.com/fit-in/500x500/15027/MLv3/4/23/2023/11/21/024403/655d24a38e7e61.37186733849.png","image/webp","200","","3","0"
"https://medialibrarycfo.entrata.com/fit-in/500x500/15027/MLv3/4/23/2023/11/21/025005/655d260d322519.34638730988.png","image/webp","200","","3","0"
"https://medialibrarycfo.entrata.com/fit-in/500x500/15027/MLv3/4/23/2023/11/21/030304/655d2918970df5.94473155478.png","image/webp","200","","3","0"
"https://medialibrarycfo.entrata.com/fit-in/500x500/15027/MLv3/4/23/2023/11/21/024815/655d259f4eab71.21139706245.png","image/webp","200","","3","0"
"https://medialibrarycfo.entrata.com/fit-in/500x500/15027/MLv3/4/23/2023/11/21/024850/655d25c20c9db6.09824874956.png","image/webp","200","","3","0"
"https://medialibrarycfo.entrata.com/fit-in/500x500/15027/MLv3/4/23/2023/11/21/030345/655d2941470570.18997609684.png","image/webp","200","","3","0"
"https://medialibrarycfo.entrata.com/15027/MLv3/4/23/2023/11/21/024535/655d24ff6ca931.68861284959.png","image/webp","200","","3","0"
"https://medialibrarycfo.entrata.com/15027/MLv3/4/23/2023/11/21/024225/655d2441709469.66919951608.png","image/webp","200","","3","0"
"https://medialibrarycfo.entrata.com/15027/MLv3/4/23/2023/11/21/024815/655d259f4eab71.21139706245.png","image/png","200","OK","2","0"
"https://medialibrarycfo.entrata.com/15027/MLv3/4/23/2023/11/21/024741/655d257d02d764.52777421139.png","image/webp","200","","3","0"
"https://commoncdn.entrata.com/images/?src=15027/MLv3/4/23/2023/11/21/024403/655d24a38e7e61.37186733849.png&w=250&h=182","image/png","200","","3","0"
"https://commoncdn.entrata.com/images/?src=15027/MLv3/4/23/2023/11/21/024051/655d23e3d5d681.65017300401.png&w=250&h=180","image/png","200","","3","0"
"https://commoncdn.entrata.com/images/?src=15027/MLv3/4/23/2023/11/21/024535/655d24ff6ca931.68861284959.png&w=250&h=192","image/png","200","","3","0"
"https://commoncdn.entrata.com/images/?src=15027/MLv3/4/23/2023/11/21/025005/655d260d322519.34638730988.png&w=250&h=112","image/png","200","","3","0"
"https://medialibrarycfo.entrata.com/fit-in/500x500/15027/MLv3/4/23/2023/11/21/030224/655d28f0063463.69265383255.png","image/png","200","OK","4","0"
"https://commoncdn.entrata.com/images/?src=15027/MLv3/4/23/2023/11/21/030304/655d2918970df5.94473155478.png&w=250&h=86","image/png","200","OK","3","0"
"https://commoncdn.entrata.com/images/?src=15027/MLv3/4/23/2023/11/21/030345/655d2941470570.18997609684.png&w=250&h=86","image/png","200","OK","3","0"
"https://www.googletagmanager.com/td?id=GTM-WJQMNXG&v=3&t=t&pid=1639665269&cv=4&rv=41t0&tc=173&es=1&e=gtm.init_consent&eid=-1&u=AAAAAAAAAAAAAACA&h=Ag&dl=www.unionknoxville.com%2Fknoxville%2Funion-knoxville%2Ffloorplans%2Fd5-987657%2Ffp_name%2Foccupancy_type%2Fstudent%2F&tdp=GTM-WJQMNXG;123011405;0;0;0&z=0","image/gif","204","","4","0"
"https://commoncdn.entrata.com/images/?src=15027/MLv3/4/23/2023/11/21/024815/655d259f4eab71.21139706245.png&w=250&h=131","image/png","200","","6","0"
"https://commoncdn.entrata.com/images/?src=15027/MLv3/4/23/2023/11/21/024225/655d2441709469.66919951608.png&w=250&h=208","image/png","200","","6","0"
"https://commoncdn.entrata.com/images/?src=15027/MLv3/4/23/2023/11/21/024850/655d25c20c9db6.09824874956.png&w=250&h=112","image/png","200","","5","0"
"https://commoncdn.entrata.com/images/?src=15027/MLv3/4/23/2023/11/21/030224/655d28f0063463.69265383255.png&w=250&h=94","image/png","200","","5","0"
